n=[1 10 100 500 1000 2000 4000 8000];
e=(1+1./n).^n

e =

    2.0000    2.5937    2.7048    2.7156    2.7169    2.7176    2.7179    2.7181

exp(1)

ans =

    2.7183

A=exp(1);
ERROR=e-A

ERROR =

   -0.7183   -0.1245   -0.0135   -0.0027   -0.0014   -0.0007   -0.0003   -0.0002
